Q1: 0.642492 Tm
Q2: -0.415501 Tm
ED1: -8.08707kV/cm
MD: 0.449885 Tm
ED2: -8.08707kV/cm
Q3: -0.282403 Tm
Q4: 0.362738 Tm
