Q1: 0.89466 Tm
Q2: -0.578578 Tm
ED1: -35.9175kV/cm
MD: 0.626459 Tm
ED2: -35.9175kV/cm
Q3: -0.393242 Tm
Q4: 0.505108 Tm
