Q1: 0.351072 Tm
Q2: -0.234199 Tm
ED1: -6.36328kV/cm
MD: 0.256967 Tm
ED2: -6.36328kV/cm
Q3: -0.159974 Tm
Q4: 0.206217 Tm
