Q1: 0.921136 Tm
Q2: -0.614486 Tm
ED1: -26.0529kV/cm
MD: 0.674223 Tm
ED2: -26.0529kV/cm
Q3: -0.419735 Tm
Q4: 0.541068 Tm
