Q1: 1.26976 Tm
Q2: -0.821153 Tm
ED1: -34.3642kV/cm
MD: 0.889107 Tm
ED2: -34.3642kV/cm
Q3: -0.558112 Tm
Q4: 0.716879 Tm
