Q1: 0.753044 Tm
Q2: -0.486995 Tm
ED1: -11.1077kV/cm
MD: 0.527296 Tm
ED2: -11.1077kV/cm
Q3: -0.330995 Tm
Q4: 0.425154 Tm
